4.70
3.48
5.98
3.16
6.95
5.46
1.05
2.33
1.03
5.77
0.65
6.42
4.21
2.49
4.15
0.08
2.80
5.88
5.23
3.60
5.92
1.90
4.29
3.24
6.90
1.40
2.83
1.98
2.26
3.13
4.27
1.08
3.75
5.30
0.02
2.70
2.79
5.72
0.96
0.47
0.52
4.10
6.94
0.11
0.45
5.18
5.21
5.80
1.23
1.23
3.45
0.73
1.23
1.95
0.31
4.57
1.02
5.73
5.90
2.49
2.89
2.49
6.45
5.86
1.20
1.58
6.25
2.79
5.22
1.35
1.23
6.40
5.69
2.50
4.88
3.48
3.27
5.27
3.65
1.99
1.67
4.06
4.38
1.06
1.14
3.07
1.96
4.87
3.70
6.49
3.93
2.32
6.92
2.34
2.37
3.62
2.03
4.96
3.82
3.94
4.90
4.59
3.22
1.82
6.91
1.25
5.79
5.08
2.63
4.65
5.43
0.97
3.70
2.09
0.38
3.61
5.30
1.90
2.00
6.99
4.78
4.73
2.68
6.63
6.94
1.54
1.19
1.94
