0.64
0.02
1.29
-0.15
1.79
1.03
-1.22
-0.57
-1.23
1.19
-1.43
1.52
0.39
-0.49
0.36
-1.72
-0.33
1.24
0.91
0.08
1.26
-0.79
0.43
-0.11
1.76
-1.05
-0.32
-0.75
-0.61
-0.16
0.42
-1.21
0.15
0.95
-1.75
-0.38
-0.34
1.16
-1.27
-1.52
-1.50
0.33
1.78
-1.70
-1.53
0.89
0.90
1.20
-1.13
-1.13
0.00
-1.39
-1.13
-0.76
-1.60
0.57
-1.24
1.17
1.25
-0.49
-0.28
-0.49
1.53
1.23
-1.15
-0.95
1.43
-0.34
0.91
-1.07
-1.13
1.51
1.15
-0.48
0.73
0.02
-0.09
0.93
0.10
-0.74
-0.91
0.31
0.48
-1.22
-1.18
-0.19
-0.76
0.73
0.13
1.55
0.25
-0.58
1.77
-0.57
-0.55
0.09
-0.72
0.77
0.19
0.25
0.74
0.58
-0.12
-0.83
1.77
-1.12
1.20
0.83
-0.42
0.61
1.01
-1.27
0.13
-0.69
-1.57
0.08
0.95
-0.79
-0.74
1.81
0.68
0.66
-0.39
1.63
1.78
-0.97
-1.15
-0.77
