1.13
0.49
2.74
6.95
1.04
6.85
6.75
0.62
3.11
4.42
5.19
0.20
0.14
3.08
3.20
6.74
6.45
2.81
3.44
1.21
0.75
6.69
5.12
4.26
5.93
6.97
6.51
4.57
5.93
5.26
6.69
5.90
2.61
1.68
5.86
4.34
3.69
1.14
3.21
4.91
4.00
0.43
0.35
3.02
6.41
3.23
0.59
6.80
0.57
3.39
6.44
3.41
2.77
3.32
1.10
0.97
1.17
6.50
6.05
1.03
2.70
2.84
4.32
2.62
3.74
5.44
3.21
2.87
3.59
2.98
2.84
0.54
6.19
6.72
3.03
4.38
2.32
2.77
1.68
3.98
6.68
5.64
2.99
6.70
0.32
3.90
6.44
2.93
5.34
6.65
4.59
6.06
6.05
0.28
1.03
1.02
3.13
3.32
2.71
5.34
6.44
4.84
3.07
6.05
6.01
5.04
2.55
0.64
1.13
5.24
1.23
3.87
3.62
1.68
2.70
3.78
3.28
3.67
3.13
1.92
4.10
2.85
1.76
5.92
4.85
0.84
2.67
3.56
