-1.24
-1.56
-0.45
1.64
-1.29
1.59
1.54
-1.50
-0.26
0.38
0.77
-1.70
-1.73
-0.28
-0.22
1.53
1.39
-0.41
-0.10
-1.20
-1.43
1.51
0.73
0.30
1.13
1.65
1.42
0.46
1.13
0.80
1.51
1.12
-0.51
-0.97
1.10
0.34
0.02
-1.24
-0.21
0.63
0.18
-1.59
-1.63
-0.31
1.37
-0.20
-1.51
1.56
-1.52
-0.13
1.38
-0.12
-0.43
-0.16
-1.26
-1.32
-1.22
1.41
1.19
-1.29
-0.47
-0.40
0.33
-0.51
0.05
0.89
-0.21
-0.38
-0.03
-0.33
-0.40
-1.54
1.26
1.52
-0.30
0.36
-0.66
-0.43
-0.97
0.17
1.50
0.99
-0.32
1.51
-1.65
0.13
1.38
-0.35
0.84
1.49
0.47
1.20
1.19
-1.66
-1.29
-1.30
-0.25
-0.16
-0.46
0.84
1.38
0.59
-0.28
1.19
1.17
0.69
-0.54
-1.49
-1.24
0.79
-1.19
0.11
-0.01
-0.97
-0.47
0.07
-0.18
0.01
-0.25
-0.85
0.23
-0.39
-0.93
1.13
0.60
-1.39
-0.48
-0.04
